Leo Kuntz	L
Chris Hugh	W
